[gd_scene load_steps=15 format=3 uid="uid://boasc0lbt1gjd"]

[ext_resource type="Shader" uid="uid://6sh33yt71dke" path="res://Shaders/cube.gdshader" id="1_4cvuw"]
[ext_resource type="Script" uid="uid://beaxhxwvhlubu" path="res://Characters/MovingCamera.cs" id="1_t6lng"]
[ext_resource type="PackedScene" uid="uid://clnxp7mcuk50e" path="res://Import/kar_ker_kir_brainrot_evolution_roblox.glb" id="3_j2eoc"]
[ext_resource type="Script" uid="uid://mspbpm0am7j6" path="res://Algo/Transformer.cs" id="4_7mckg"]
[ext_resource type="Script" uid="uid://cbdx84irrs3l8" path="res://UI/SubmitButton.cs" id="5_66br4"]
[ext_resource type="Script" uid="uid://bp3pdxak6tcxv" path="res://UI/Ui.cs" id="5_eort7"]
[ext_resource type="Script" uid="uid://cni0ek6n1nv3i" path="res://UI/MatrixEdit.cs" id="6_xcudr"]
[ext_resource type="Script" uid="uid://btvkx3xv0dtwm" path="res://UI/TransformUpdate.cs" id="7_dob7g"]
[ext_resource type="Theme" uid="uid://cvn77e4yku7f4" path="res://Themes/Toggles.tres" id="8_tysh6"]
[ext_resource type="Script" uid="uid://dvqdkyvxy8506" path="res://UI/LerpSpeedEdit.cs" id="9_q6i3i"]
[ext_resource type="Script" uid="uid://c6t2th2gijxge" path="res://UI/PeriodEdit.cs" id="10_rjlwc"]

[sub_resource type="ShaderMaterial" id="ShaderMaterial_j2eoc"]
render_priority = 0
shader = ExtResource("1_4cvuw")

[sub_resource type="BoxMesh" id="BoxMesh_04pw2"]
material = SubResource("ShaderMaterial_j2eoc")
flip_faces = true
size = Vector3(200, 200, 200)

[sub_resource type="LabelSettings" id="LabelSettings_dob7g"]
font_size = 14

[node name="Scene" type="Node3D"]

[node name="Cube" type="MeshInstance3D" parent="."]
mesh = SubResource("BoxMesh_04pw2")

[node name="MovingCamera" type="Camera3D" parent="."]
script = ExtResource("1_t6lng")

[node name="Transformer" type="Node" parent="." node_paths=PackedStringArray("_timer", "_susceptibleGroup")]
script = ExtResource("4_7mckg")
_functional = true
_timer = NodePath("../TransformTimer")
_susceptibleGroup = NodePath("../SusceptibleGroup")

[node name="TransformTimer" type="Timer" parent="."]
wait_time = 2.0

[node name="SusceptibleGroup" type="Node" parent="."]

[node name="Stool" parent="SusceptibleGroup" instance=ExtResource("3_j2eoc")]
transform = Transform3D(1, 0, 0, 0, 1, 0, 0, 0, 1, -0.7525511, 1.4477888, 3.1919372)

[node name="Stool4" parent="SusceptibleGroup" instance=ExtResource("3_j2eoc")]
transform = Transform3D(1, 0, 0, 0, 1, 0, 0, 0, 1, -4.1908903, 3.3144422, 1.8433979)

[node name="Stool5" parent="SusceptibleGroup" instance=ExtResource("3_j2eoc")]
transform = Transform3D(1, 0, 0, 0, 1, 0, 0, 0, 1, 3.9987364, 0.62778807, 1.8433979)

[node name="Stool2" parent="SusceptibleGroup" instance=ExtResource("3_j2eoc")]
transform = Transform3D(0.24530742, -0.6048172, -0.7576414, 0, 0.7815205, -0.6238796, 0.96944535, 0.1530423, 0.19171277, 2.319559, -1.5067497, 0.09275496)

[node name="Stool3" parent="SusceptibleGroup" instance=ExtResource("3_j2eoc")]
transform = Transform3D(0.90408254, -0.38508233, 0.18532765, 0, -0.43365914, -0.901077, 0.42735788, 0.814648, -0.39206365, -0.8742051, 1.1342998, -1.549825)

[node name="Stool6" parent="SusceptibleGroup" instance=ExtResource("3_j2eoc")]
transform = Transform3D(1, 0, 0, 0, 1, 0, 0, 0, 1, -15.431405, 6.8172283, 3.1919372)

[node name="Stool7" parent="SusceptibleGroup" instance=ExtResource("3_j2eoc")]
transform = Transform3D(1, 0, 0, 0, 1, 0, 0, 0, 1, -18.869743, 8.683882, 1.8433979)

[node name="Stool8" parent="SusceptibleGroup" instance=ExtResource("3_j2eoc")]
transform = Transform3D(1, 0, 0, 0, 1, 0, 0, 0, 1, -10.680118, 5.9972277, 1.8433979)

[node name="Stool9" parent="SusceptibleGroup" instance=ExtResource("3_j2eoc")]
transform = Transform3D(0.24530742, -0.6048172, -0.7576414, 0, 0.7815205, -0.6238796, 0.96944535, 0.1530423, 0.19171277, -12.359295, 3.86269, 0.09275496)

[node name="Stool10" parent="SusceptibleGroup" instance=ExtResource("3_j2eoc")]
transform = Transform3D(0.90408254, -0.38508233, 0.18532765, 0, -0.43365914, -0.901077, 0.42735788, 0.814648, -0.39206365, -15.553059, 6.5037394, -1.549825)

[node name="Stool11" parent="SusceptibleGroup" instance=ExtResource("3_j2eoc")]
transform = Transform3D(1, 0, 0, 0, 1, 0, 0, 0, 1, 16.674397, -15.867011, 3.1919372)

[node name="Stool12" parent="SusceptibleGroup" instance=ExtResource("3_j2eoc")]
transform = Transform3D(1, 0, 0, 0, 1, 0, 0, 0, 1, 13.236058, -14.000359, 1.8433979)

[node name="Stool13" parent="SusceptibleGroup" instance=ExtResource("3_j2eoc")]
transform = Transform3D(1, 0, 0, 0, 1, 0, 0, 0, 1, 21.425686, -16.687012, 1.8433979)

[node name="Stool14" parent="SusceptibleGroup" instance=ExtResource("3_j2eoc")]
transform = Transform3D(0.24530742, -0.6048172, -0.7576414, 0, 0.7815205, -0.6238796, 0.96944535, 0.1530423, 0.19171277, 19.746508, -18.82155, 0.09275496)

[node name="Stool15" parent="SusceptibleGroup" instance=ExtResource("3_j2eoc")]
transform = Transform3D(0.90408254, -0.38508233, 0.18532765, 0, -0.43365914, -0.901077, 0.42735788, 0.814648, -0.39206365, 16.552744, -16.1805, -1.549825)

[node name="Stool16" parent="SusceptibleGroup" instance=ExtResource("3_j2eoc")]
transform = Transform3D(1, 0, 0, 0, 1, 0, 0, 0, 1, 1.9955435, -10.497572, 3.1919372)

[node name="Stool17" parent="SusceptibleGroup" instance=ExtResource("3_j2eoc")]
transform = Transform3D(1, 0, 0, 0, 1, 0, 0, 0, 1, -1.4427948, -8.6309185, 1.8433979)

[node name="Stool18" parent="SusceptibleGroup" instance=ExtResource("3_j2eoc")]
transform = Transform3D(1, 0, 0, 0, 1, 0, 0, 0, 1, 6.746831, -11.317573, 1.8433979)

[node name="Stool19" parent="SusceptibleGroup" instance=ExtResource("3_j2eoc")]
transform = Transform3D(0.24530742, -0.6048172, -0.7576414, 0, 0.7815205, -0.6238796, 0.96944535, 0.1530423, 0.19171277, 5.0676537, -13.45211, 0.09275496)

[node name="Stool20" parent="SusceptibleGroup" instance=ExtResource("3_j2eoc")]
transform = Transform3D(0.90408254, -0.38508233, 0.18532765, 0, -0.43365914, -0.901077, 0.42735788, 0.814648, -0.39206365, 1.8738899, -10.811061, -1.549825)

[node name="Stool21" parent="SusceptibleGroup" instance=ExtResource("3_j2eoc")]
transform = Transform3D(1, 0, 0, 0, 1, 0, 0, 0, 1, 16.674397, 8.84591, 3.1919372)

[node name="Stool22" parent="SusceptibleGroup" instance=ExtResource("3_j2eoc")]
transform = Transform3D(1, 0, 0, 0, 1, 0, 0, 0, 1, 13.236058, 10.712563, 1.8433979)

[node name="Stool23" parent="SusceptibleGroup" instance=ExtResource("3_j2eoc")]
transform = Transform3D(1, 0, 0, 0, 1, 0, 0, 0, 1, 21.425686, 8.025909, 1.8433979)

[node name="Stool24" parent="SusceptibleGroup" instance=ExtResource("3_j2eoc")]
transform = Transform3D(0.24530742, -0.6048172, -0.7576414, 0, 0.7815205, -0.6238796, 0.96944535, 0.1530423, 0.19171277, 19.746508, 5.891371, 0.09275496)

[node name="Stool25" parent="SusceptibleGroup" instance=ExtResource("3_j2eoc")]
transform = Transform3D(0.90408254, -0.38508233, 0.18532765, 0, -0.43365914, -0.901077, 0.42735788, 0.814648, -0.39206365, 16.552744, 8.532421, -1.549825)

[node name="Stool26" parent="SusceptibleGroup" instance=ExtResource("3_j2eoc")]
transform = Transform3D(1, 0, 0, 0, 1, 0, 0, 0, 1, 1.9955435, 14.215349, 3.1919372)

[node name="Stool27" parent="SusceptibleGroup" instance=ExtResource("3_j2eoc")]
transform = Transform3D(1, 0, 0, 0, 1, 0, 0, 0, 1, -1.4427948, 16.082003, 1.8433979)

[node name="Stool28" parent="SusceptibleGroup" instance=ExtResource("3_j2eoc")]
transform = Transform3D(1, 0, 0, 0, 1, 0, 0, 0, 1, 6.746831, 13.395349, 1.8433979)

[node name="Stool29" parent="SusceptibleGroup" instance=ExtResource("3_j2eoc")]
transform = Transform3D(0.24530742, -0.6048172, -0.7576414, 0, 0.7815205, -0.6238796, 0.96944535, 0.1530423, 0.19171277, 5.0676537, 11.260811, 0.09275496)

[node name="Stool30" parent="SusceptibleGroup" instance=ExtResource("3_j2eoc")]
transform = Transform3D(0.90408254, -0.38508233, 0.18532765, 0, -0.43365914, -0.901077, 0.42735788, 0.814648, -0.39206365, 1.8738899, 13.90186, -1.549825)

[node name="Stool31" parent="SusceptibleGroup" instance=ExtResource("3_j2eoc")]
transform = Transform3D(1, 0, 0, 0, 1, 0, 0, 0, 1, 16.674397, 8.84591, -17.81012)

[node name="Stool32" parent="SusceptibleGroup" instance=ExtResource("3_j2eoc")]
transform = Transform3D(1, 0, 0, 0, 1, 0, 0, 0, 1, 13.236058, 10.712563, -19.158659)

[node name="Stool33" parent="SusceptibleGroup" instance=ExtResource("3_j2eoc")]
transform = Transform3D(1, 0, 0, 0, 1, 0, 0, 0, 1, 21.425686, 8.025909, -19.158659)

[node name="Stool34" parent="SusceptibleGroup" instance=ExtResource("3_j2eoc")]
transform = Transform3D(0.24530742, -0.6048172, -0.7576414, 0, 0.7815205, -0.6238796, 0.96944535, 0.1530423, 0.19171277, 19.746508, 5.891371, -20.909302)

[node name="Stool35" parent="SusceptibleGroup" instance=ExtResource("3_j2eoc")]
transform = Transform3D(0.90408254, -0.38508233, 0.18532765, 0, -0.43365914, -0.901077, 0.42735788, 0.814648, -0.39206365, 16.552744, 8.532421, -22.551882)

[node name="Stool36" parent="SusceptibleGroup" instance=ExtResource("3_j2eoc")]
transform = Transform3D(1, 0, 0, 0, 1, 0, 0, 0, 1, 1.9955435, 14.215349, -17.81012)

[node name="Stool37" parent="SusceptibleGroup" instance=ExtResource("3_j2eoc")]
transform = Transform3D(1, 0, 0, 0, 1, 0, 0, 0, 1, -1.4427948, 16.082003, -19.158659)

[node name="Stool38" parent="SusceptibleGroup" instance=ExtResource("3_j2eoc")]
transform = Transform3D(1, 0, 0, 0, 1, 0, 0, 0, 1, 6.746831, 13.395349, -19.158659)

[node name="Stool39" parent="SusceptibleGroup" instance=ExtResource("3_j2eoc")]
transform = Transform3D(0.24530742, -0.6048172, -0.7576414, 0, 0.7815205, -0.6238796, 0.96944535, 0.1530423, 0.19171277, 5.0676537, 11.260811, -20.909302)

[node name="Stool40" parent="SusceptibleGroup" instance=ExtResource("3_j2eoc")]
transform = Transform3D(0.90408254, -0.38508233, 0.18532765, 0, -0.43365914, -0.901077, 0.42735788, 0.814648, -0.39206365, 1.8738899, 13.90186, -22.551882)

[node name="Stool41" parent="SusceptibleGroup" instance=ExtResource("3_j2eoc")]
transform = Transform3D(1, 0, 0, 0, 1, 0, 0, 0, 1, 7.7617645, -2.1753616, -17.272114)

[node name="Stool42" parent="SusceptibleGroup" instance=ExtResource("3_j2eoc")]
transform = Transform3D(1, 0, 0, 0, 1, 0, 0, 0, 1, 4.3234262, -0.30870914, -18.620655)

[node name="Stool43" parent="SusceptibleGroup" instance=ExtResource("3_j2eoc")]
transform = Transform3D(1, 0, 0, 0, 1, 0, 0, 0, 1, 12.513054, -2.9953623, -18.620655)

[node name="Stool44" parent="SusceptibleGroup" instance=ExtResource("3_j2eoc")]
transform = Transform3D(0.24530742, -0.6048172, -0.7576414, 0, 0.7815205, -0.6238796, 0.96944535, 0.1530423, 0.19171277, 10.833876, -5.129901, -20.371296)

[node name="Stool45" parent="SusceptibleGroup" instance=ExtResource("3_j2eoc")]
transform = Transform3D(0.90408254, -0.38508233, 0.18532765, 0, -0.43365914, -0.901077, 0.42735788, 0.814648, -0.39206365, 7.640112, -2.4888506, -22.013878)

[node name="Stool46" parent="SusceptibleGroup" instance=ExtResource("3_j2eoc")]
transform = Transform3D(1, 0, 0, 0, 1, 0, 0, 0, 1, -6.9170885, 3.1940775, -17.272114)

[node name="Stool47" parent="SusceptibleGroup" instance=ExtResource("3_j2eoc")]
transform = Transform3D(1, 0, 0, 0, 1, 0, 0, 0, 1, -10.355427, 5.060731, -18.620655)

[node name="Stool48" parent="SusceptibleGroup" instance=ExtResource("3_j2eoc")]
transform = Transform3D(1, 0, 0, 0, 1, 0, 0, 0, 1, -2.165801, 2.3740768, -18.620655)

[node name="Stool49" parent="SusceptibleGroup" instance=ExtResource("3_j2eoc")]
transform = Transform3D(0.24530742, -0.6048172, -0.7576414, 0, 0.7815205, -0.6238796, 0.96944535, 0.1530423, 0.19171277, -3.8449783, 0.23953915, -20.371296)

[node name="Stool50" parent="SusceptibleGroup" instance=ExtResource("3_j2eoc")]
transform = Transform3D(0.90408254, -0.38508233, 0.18532765, 0, -0.43365914, -0.901077, 0.42735788, 0.814648, -0.39206365, -7.038742, 2.8805885, -22.013878)

[node name="Stool51" parent="SusceptibleGroup" instance=ExtResource("3_j2eoc")]
transform = Transform3D(1, 0, 0, 0, 1, 0, 0, 0, 1, 7.7617645, -2.1753616, 15.631649)

[node name="Stool52" parent="SusceptibleGroup" instance=ExtResource("3_j2eoc")]
transform = Transform3D(1, 0, 0, 0, 1, 0, 0, 0, 1, 4.3234262, -0.30870914, 14.283108)

[node name="Stool53" parent="SusceptibleGroup" instance=ExtResource("3_j2eoc")]
transform = Transform3D(1, 0, 0, 0, 1, 0, 0, 0, 1, 12.513054, -2.9953623, 14.283108)

[node name="Stool54" parent="SusceptibleGroup" instance=ExtResource("3_j2eoc")]
transform = Transform3D(0.24530742, -0.6048172, -0.7576414, 0, 0.7815205, -0.6238796, 0.96944535, 0.1530423, 0.19171277, 10.833876, -5.129901, 12.532467)

[node name="Stool55" parent="SusceptibleGroup" instance=ExtResource("3_j2eoc")]
transform = Transform3D(0.90408254, -0.38508233, 0.18532765, 0, -0.43365914, -0.901077, 0.42735788, 0.814648, -0.39206365, 7.640112, -2.4888506, 10.889885)

[node name="Stool56" parent="SusceptibleGroup" instance=ExtResource("3_j2eoc")]
transform = Transform3D(1, 0, 0, 0, 1, 0, 0, 0, 1, -6.9170885, 3.1940775, 15.631649)

[node name="Stool57" parent="SusceptibleGroup" instance=ExtResource("3_j2eoc")]
transform = Transform3D(1, 0, 0, 0, 1, 0, 0, 0, 1, -10.355427, 5.060731, 14.283108)

[node name="Stool58" parent="SusceptibleGroup" instance=ExtResource("3_j2eoc")]
transform = Transform3D(1, 0, 0, 0, 1, 0, 0, 0, 1, -2.165801, 2.3740768, 14.283108)

[node name="Stool59" parent="SusceptibleGroup" instance=ExtResource("3_j2eoc")]
transform = Transform3D(0.24530742, -0.6048172, -0.7576414, 0, 0.7815205, -0.6238796, 0.96944535, 0.1530423, 0.19171277, -3.8449783, 0.23953915, 12.532467)

[node name="Stool60" parent="SusceptibleGroup" instance=ExtResource("3_j2eoc")]
transform = Transform3D(0.90408254, -0.38508233, 0.18532765, 0, -0.43365914, -0.901077, 0.42735788, 0.814648, -0.39206365, -7.038742, 2.8805885, 10.889885)

[node name="Stool61" parent="SusceptibleGroup" instance=ExtResource("3_j2eoc")]
transform = Transform3D(1, 0, 0, 0, 1, 0, 0, 0, 1, -5.231411, -2.1753616, -0.79733086)

[node name="Stool62" parent="SusceptibleGroup" instance=ExtResource("3_j2eoc")]
transform = Transform3D(1, 0, 0, 0, 1, 0, 0, 0, 1, -8.669749, -0.30870914, -2.145872)

[node name="Stool63" parent="SusceptibleGroup" instance=ExtResource("3_j2eoc")]
transform = Transform3D(1, 0, 0, 0, 1, 0, 0, 0, 1, -0.4801216, -2.9953623, -2.145872)

[node name="Stool64" parent="SusceptibleGroup" instance=ExtResource("3_j2eoc")]
transform = Transform3D(0.24530742, -0.6048172, -0.7576414, 0, 0.7815205, -0.6238796, 0.96944535, 0.1530423, 0.19171277, -2.1592999, -5.129901, -3.896513)

[node name="Stool65" parent="SusceptibleGroup" instance=ExtResource("3_j2eoc")]
transform = Transform3D(0.90408254, -0.38508233, 0.18532765, 0, -0.43365914, -0.901077, 0.42735788, 0.814648, -0.39206365, -5.3530636, -2.4888506, -5.539095)

[node name="Stool66" parent="SusceptibleGroup" instance=ExtResource("3_j2eoc")]
transform = Transform3D(1, 0, 0, 0, 1, 0, 0, 0, 1, -19.910263, 3.1940775, -0.79733086)

[node name="Stool67" parent="SusceptibleGroup" instance=ExtResource("3_j2eoc")]
transform = Transform3D(1, 0, 0, 0, 1, 0, 0, 0, 1, -23.348602, 5.060731, -2.145872)

[node name="Stool68" parent="SusceptibleGroup" instance=ExtResource("3_j2eoc")]
transform = Transform3D(1, 0, 0, 0, 1, 0, 0, 0, 1, -15.158977, 2.3740768, -2.145872)

[node name="Stool69" parent="SusceptibleGroup" instance=ExtResource("3_j2eoc")]
transform = Transform3D(0.24530742, -0.6048172, -0.7576414, 0, 0.7815205, -0.6238796, 0.96944535, 0.1530423, 0.19171277, -16.838154, 0.23953915, -3.896513)

[node name="Stool70" parent="SusceptibleGroup" instance=ExtResource("3_j2eoc")]
transform = Transform3D(0.90408254, -0.38508233, 0.18532765, 0, -0.43365914, -0.901077, 0.42735788, 0.814648, -0.39206365, -20.031918, 2.8805885, -5.539095)

[node name="Stool71" parent="SusceptibleGroup" instance=ExtResource("3_j2eoc")]
transform = Transform3D(1, 0, 0, 0, 1, 0, 0, 0, 1, 11.165306, -19.758228, -18.620655)

[node name="Stool72" parent="SusceptibleGroup" instance=ExtResource("3_j2eoc")]
transform = Transform3D(0.24530742, -0.6048172, -0.7576414, 0, 0.7815205, -0.6238796, 0.96944535, 0.1530423, 0.19171277, 9.486128, -21.892769, -20.371296)

[node name="Stool73" parent="SusceptibleGroup" instance=ExtResource("3_j2eoc")]
transform = Transform3D(0.90408254, -0.38508233, 0.18532765, 0, -0.43365914, -0.901077, 0.42735788, 0.814648, -0.39206365, 6.292364, -19.251717, -22.013878)

[node name="Stool74" parent="SusceptibleGroup" instance=ExtResource("3_j2eoc")]
transform = Transform3D(1, 0, 0, 0, 1, 0, 0, 0, 1, -8.264836, -13.568791, -17.272114)

[node name="Stool75" parent="SusceptibleGroup" instance=ExtResource("3_j2eoc")]
transform = Transform3D(1, 0, 0, 0, 1, 0, 0, 0, 1, -11.703175, -11.702138, -18.620655)

[node name="Stool76" parent="SusceptibleGroup" instance=ExtResource("3_j2eoc")]
transform = Transform3D(1, 0, 0, 0, 1, 0, 0, 0, 1, -3.5135489, -14.388791, -18.620655)

[node name="Stool77" parent="SusceptibleGroup" instance=ExtResource("3_j2eoc")]
transform = Transform3D(0.24530742, -0.6048172, -0.7576414, 0, 0.7815205, -0.6238796, 0.96944535, 0.1530423, 0.19171277, -5.192726, -16.523327, -20.371296)

[node name="Stool78" parent="SusceptibleGroup" instance=ExtResource("3_j2eoc")]
transform = Transform3D(0.90408254, -0.38508233, 0.18532765, 0, -0.43365914, -0.901077, 0.42735788, 0.814648, -0.39206365, -8.38649, -13.882279, -22.013878)

[node name="Stool79" parent="SusceptibleGroup" instance=ExtResource("3_j2eoc")]
transform = Transform3D(1, 0, 0, 0, 1, 0, 0, 0, 1, 6.4140167, -18.938229, 15.631649)

[node name="Stool80" parent="SusceptibleGroup" instance=ExtResource("3_j2eoc")]
transform = Transform3D(1, 0, 0, 0, 1, 0, 0, 0, 1, 2.9756775, -17.071575, 14.283108)

[node name="Stool81" parent="SusceptibleGroup" instance=ExtResource("3_j2eoc")]
transform = Transform3D(1, 0, 0, 0, 1, 0, 0, 0, 1, 11.165306, -19.758228, 14.283108)

[node name="Stool82" parent="SusceptibleGroup" instance=ExtResource("3_j2eoc")]
transform = Transform3D(0.24530742, -0.6048172, -0.7576414, 0, 0.7815205, -0.6238796, 0.96944535, 0.1530423, 0.19171277, 9.486128, -21.892769, 12.532467)

[node name="Stool83" parent="SusceptibleGroup" instance=ExtResource("3_j2eoc")]
transform = Transform3D(0.90408254, -0.38508233, 0.18532765, 0, -0.43365914, -0.901077, 0.42735788, 0.814648, -0.39206365, 6.292364, -19.251717, 10.889885)

[node name="Stool84" parent="SusceptibleGroup" instance=ExtResource("3_j2eoc")]
transform = Transform3D(1, 0, 0, 0, 1, 0, 0, 0, 1, -8.264836, -13.568791, 15.631649)

[node name="Stool85" parent="SusceptibleGroup" instance=ExtResource("3_j2eoc")]
transform = Transform3D(1, 0, 0, 0, 1, 0, 0, 0, 1, -11.703175, -11.702138, 14.283108)

[node name="Stool86" parent="SusceptibleGroup" instance=ExtResource("3_j2eoc")]
transform = Transform3D(1, 0, 0, 0, 1, 0, 0, 0, 1, -3.5135489, -14.388791, 14.283108)

[node name="Stool87" parent="SusceptibleGroup" instance=ExtResource("3_j2eoc")]
transform = Transform3D(0.24530742, -0.6048172, -0.7576414, 0, 0.7815205, -0.6238796, 0.96944535, 0.1530423, 0.19171277, -5.192726, -16.523327, 12.532467)

[node name="Stool88" parent="SusceptibleGroup" instance=ExtResource("3_j2eoc")]
transform = Transform3D(0.90408254, -0.38508233, 0.18532765, 0, -0.43365914, -0.901077, 0.42735788, 0.814648, -0.39206365, -8.38649, -13.882279, 10.889885)

[node name="Stool89" parent="SusceptibleGroup" instance=ExtResource("3_j2eoc")]
transform = Transform3D(1, 0, 0, 0, 1, 0, 0, 0, 1, -6.579159, -18.938229, -0.79733086)

[node name="Stool90" parent="SusceptibleGroup" instance=ExtResource("3_j2eoc")]
transform = Transform3D(1, 0, 0, 0, 1, 0, 0, 0, 1, -10.017497, -17.071575, -2.145872)

[node name="Stool91" parent="SusceptibleGroup" instance=ExtResource("3_j2eoc")]
transform = Transform3D(1, 0, 0, 0, 1, 0, 0, 0, 1, -1.8278694, -19.758228, -2.145872)

[node name="Stool92" parent="SusceptibleGroup" instance=ExtResource("3_j2eoc")]
transform = Transform3D(0.24530742, -0.6048172, -0.7576414, 0, 0.7815205, -0.6238796, 0.96944535, 0.1530423, 0.19171277, -3.5070477, -21.892769, -3.896513)

[node name="Stool93" parent="SusceptibleGroup" instance=ExtResource("3_j2eoc")]
transform = Transform3D(0.90408254, -0.38508233, 0.18532765, 0, -0.43365914, -0.901077, 0.42735788, 0.814648, -0.39206365, -6.7008114, -19.251717, -5.539095)

[node name="Stool94" parent="SusceptibleGroup" instance=ExtResource("3_j2eoc")]
transform = Transform3D(1, 0, 0, 0, 1, 0, 0, 0, 1, -21.25801, -13.568791, -0.79733086)

[node name="Stool95" parent="SusceptibleGroup" instance=ExtResource("3_j2eoc")]
transform = Transform3D(1, 0, 0, 0, 1, 0, 0, 0, 1, -24.69635, -11.702138, -2.145872)

[node name="Stool96" parent="SusceptibleGroup" instance=ExtResource("3_j2eoc")]
transform = Transform3D(1, 0, 0, 0, 1, 0, 0, 0, 1, -16.506725, -14.388791, -2.145872)

[node name="Stool97" parent="SusceptibleGroup" instance=ExtResource("3_j2eoc")]
transform = Transform3D(0.24530742, -0.6048172, -0.7576414, 0, 0.7815205, -0.6238796, 0.96944535, 0.1530423, 0.19171277, -18.185902, -16.523327, -3.896513)

[node name="Stool98" parent="SusceptibleGroup" instance=ExtResource("3_j2eoc")]
transform = Transform3D(0.90408254, -0.38508233, 0.18532765, 0, -0.43365914, -0.901077, 0.42735788, 0.814648, -0.39206365, -21.379665, -13.882279, -5.539095)

[node name="Stool99" parent="SusceptibleGroup" instance=ExtResource("3_j2eoc")]
transform = Transform3D(1, 0, 0, 0, 1, 0, 0, 0, 1, 11.165306, 13.507784, -18.620655)

[node name="Stool100" parent="SusceptibleGroup" instance=ExtResource("3_j2eoc")]
transform = Transform3D(0.24530742, -0.6048172, -0.7576414, 0, 0.7815205, -0.6238796, 0.96944535, 0.1530423, 0.19171277, 9.486128, 11.373243, -20.371296)

[node name="Stool101" parent="SusceptibleGroup" instance=ExtResource("3_j2eoc")]
transform = Transform3D(0.90408254, -0.38508233, 0.18532765, 0, -0.43365914, -0.901077, 0.42735788, 0.814648, -0.39206365, 6.292364, 14.014296, -22.013878)

[node name="Stool102" parent="SusceptibleGroup" instance=ExtResource("3_j2eoc")]
transform = Transform3D(1, 0, 0, 0, 1, 0, 0, 0, 1, -8.264836, 19.69722, -17.272114)

[node name="Stool103" parent="SusceptibleGroup" instance=ExtResource("3_j2eoc")]
transform = Transform3D(1, 0, 0, 0, 1, 0, 0, 0, 1, -11.703175, 21.563873, -18.620655)

[node name="Stool104" parent="SusceptibleGroup" instance=ExtResource("3_j2eoc")]
transform = Transform3D(1, 0, 0, 0, 1, 0, 0, 0, 1, -3.5135489, 18.87722, -18.620655)

[node name="Stool105" parent="SusceptibleGroup" instance=ExtResource("3_j2eoc")]
transform = Transform3D(0.24530742, -0.6048172, -0.7576414, 0, 0.7815205, -0.6238796, 0.96944535, 0.1530423, 0.19171277, -5.192726, 16.742685, -20.371296)

[node name="Stool106" parent="SusceptibleGroup" instance=ExtResource("3_j2eoc")]
transform = Transform3D(0.90408254, -0.38508233, 0.18532765, 0, -0.43365914, -0.901077, 0.42735788, 0.814648, -0.39206365, -8.38649, 19.383732, -22.013878)

[node name="Stool107" parent="SusceptibleGroup" instance=ExtResource("3_j2eoc")]
transform = Transform3D(1, 0, 0, 0, 1, 0, 0, 0, 1, 6.4140167, 14.327784, 15.631649)

[node name="Stool108" parent="SusceptibleGroup" instance=ExtResource("3_j2eoc")]
transform = Transform3D(1, 0, 0, 0, 1, 0, 0, 0, 1, 2.9756775, 16.194437, 14.283108)

[node name="Stool109" parent="SusceptibleGroup" instance=ExtResource("3_j2eoc")]
transform = Transform3D(1, 0, 0, 0, 1, 0, 0, 0, 1, 11.165306, 13.507784, 14.283108)

[node name="Stool110" parent="SusceptibleGroup" instance=ExtResource("3_j2eoc")]
transform = Transform3D(0.24530742, -0.6048172, -0.7576414, 0, 0.7815205, -0.6238796, 0.96944535, 0.1530423, 0.19171277, 9.486128, 11.373243, 12.532467)

[node name="Stool111" parent="SusceptibleGroup" instance=ExtResource("3_j2eoc")]
transform = Transform3D(0.90408254, -0.38508233, 0.18532765, 0, -0.43365914, -0.901077, 0.42735788, 0.814648, -0.39206365, 6.292364, 14.014296, 10.889885)

[node name="Stool112" parent="SusceptibleGroup" instance=ExtResource("3_j2eoc")]
transform = Transform3D(1, 0, 0, 0, 1, 0, 0, 0, 1, -8.264836, 19.69722, 15.631649)

[node name="Stool113" parent="SusceptibleGroup" instance=ExtResource("3_j2eoc")]
transform = Transform3D(1, 0, 0, 0, 1, 0, 0, 0, 1, -11.703175, 21.563873, 14.283108)

[node name="Stool114" parent="SusceptibleGroup" instance=ExtResource("3_j2eoc")]
transform = Transform3D(1, 0, 0, 0, 1, 0, 0, 0, 1, -3.5135489, 18.87722, 14.283108)

[node name="Stool115" parent="SusceptibleGroup" instance=ExtResource("3_j2eoc")]
transform = Transform3D(0.24530742, -0.6048172, -0.7576414, 0, 0.7815205, -0.6238796, 0.96944535, 0.1530423, 0.19171277, -5.192726, 16.742685, 12.532467)

[node name="Stool116" parent="SusceptibleGroup" instance=ExtResource("3_j2eoc")]
transform = Transform3D(0.90408254, -0.38508233, 0.18532765, 0, -0.43365914, -0.901077, 0.42735788, 0.814648, -0.39206365, -8.38649, 19.383732, 10.889885)

[node name="Stool117" parent="SusceptibleGroup" instance=ExtResource("3_j2eoc")]
transform = Transform3D(1, 0, 0, 0, 1, 0, 0, 0, 1, -6.579159, 14.327784, -0.79733086)

[node name="Stool118" parent="SusceptibleGroup" instance=ExtResource("3_j2eoc")]
transform = Transform3D(1, 0, 0, 0, 1, 0, 0, 0, 1, -10.017497, 16.194437, -2.145872)

[node name="Stool119" parent="SusceptibleGroup" instance=ExtResource("3_j2eoc")]
transform = Transform3D(1, 0, 0, 0, 1, 0, 0, 0, 1, -1.8278694, 13.507784, -2.145872)

[node name="Stool120" parent="SusceptibleGroup" instance=ExtResource("3_j2eoc")]
transform = Transform3D(0.24530742, -0.6048172, -0.7576414, 0, 0.7815205, -0.6238796, 0.96944535, 0.1530423, 0.19171277, -3.5070477, 11.373243, -3.896513)

[node name="Stool121" parent="SusceptibleGroup" instance=ExtResource("3_j2eoc")]
transform = Transform3D(0.90408254, -0.38508233, 0.18532765, 0, -0.43365914, -0.901077, 0.42735788, 0.814648, -0.39206365, -6.7008114, 14.014296, -5.539095)

[node name="Stool122" parent="SusceptibleGroup" instance=ExtResource("3_j2eoc")]
transform = Transform3D(1, 0, 0, 0, 1, 0, 0, 0, 1, -21.25801, 19.69722, -0.79733086)

[node name="Stool123" parent="SusceptibleGroup" instance=ExtResource("3_j2eoc")]
transform = Transform3D(1, 0, 0, 0, 1, 0, 0, 0, 1, -24.69635, 21.563873, -2.145872)

[node name="Stool124" parent="SusceptibleGroup" instance=ExtResource("3_j2eoc")]
transform = Transform3D(1, 0, 0, 0, 1, 0, 0, 0, 1, -16.506725, 18.87722, -2.145872)

[node name="Stool125" parent="SusceptibleGroup" instance=ExtResource("3_j2eoc")]
transform = Transform3D(0.24530742, -0.6048172, -0.7576414, 0, 0.7815205, -0.6238796, 0.96944535, 0.1530423, 0.19171277, -18.185902, 16.742685, -3.896513)

[node name="Stool126" parent="SusceptibleGroup" instance=ExtResource("3_j2eoc")]
transform = Transform3D(0.90408254, -0.38508233, 0.18532765, 0, -0.43365914, -0.901077, 0.42735788, 0.814648, -0.39206365, -21.379665, 19.383732, -5.539095)

[node name="UI" type="Control" parent="."]
process_mode = 3
layout_mode = 3
anchors_preset = 15
anchor_right = 1.0
anchor_bottom = 1.0
grow_horizontal = 2
grow_vertical = 2
mouse_filter = 1
script = ExtResource("5_eort7")

[node name="HBoxContainer" type="HBoxContainer" parent="UI"]
layout_mode = 0
offset_right = 40.0
offset_bottom = 40.0

[node name="VBoxContainer" type="VBoxContainer" parent="UI/HBoxContainer"]
layout_mode = 2

[node name="Label" type="Label" parent="UI/HBoxContainer/VBoxContainer"]
layout_mode = 2
text = "Enter the desired transform matrix.
E.g.:
1 9 1
1 2 4
0 2 4"

[node name="ColorRect" type="ColorRect" parent="UI/HBoxContainer/VBoxContainer/Label"]
z_index = -1
layout_mode = 1
anchors_preset = 15
anchor_right = 1.0
anchor_bottom = 1.0
grow_horizontal = 2
grow_vertical = 2
color = Color(0, 0, 0, 0.49803922)

[node name="MatrixEdit" type="TextEdit" parent="UI/HBoxContainer/VBoxContainer" node_paths=PackedStringArray("_submitButton")]
layout_mode = 2
placeholder_text = "Shift+Enter or button to submit..."
scroll_fit_content_height = true
script = ExtResource("6_xcudr")
_submitButton = NodePath("../SubmitButton")

[node name="SubmitButton" type="Button" parent="UI/HBoxContainer/VBoxContainer" node_paths=PackedStringArray("_textEdit", "_transformer")]
layout_mode = 2
mouse_filter = 1
text = "Submit
"
script = ExtResource("5_66br4")
_textEdit = NodePath("../MatrixEdit")
_transformer = NodePath("../../../../Transformer")

[node name="Label" type="Label" parent="UI"]
layout_mode = 1
anchors_preset = 1
anchor_left = 1.0
anchor_right = 1.0
offset_left = -40.0
offset_bottom = 23.0
grow_horizontal = 0
text = "Hint: Press esc to toggle mouse movement."

[node name="VBoxContainer2" type="VBoxContainer" parent="UI"]
layout_mode = 1
anchors_preset = 2
anchor_top = 1.0
anchor_bottom = 1.0
offset_top = -201.0
offset_right = 187.0
grow_vertical = 0
theme = ExtResource("8_tysh6")

[node name="HBoxContainer" type="HBoxContainer" parent="UI/VBoxContainer2"]
layout_mode = 2

[node name="Label" type="Label" parent="UI/VBoxContainer2/HBoxContainer"]
layout_mode = 2
text = "Keep updating transform"
label_settings = SubResource("LabelSettings_dob7g")

[node name="TransformUpdate" type="CheckButton" parent="UI/VBoxContainer2/HBoxContainer" node_paths=PackedStringArray("_transformer")]
layout_mode = 2
script = ExtResource("7_dob7g")
_transformer = NodePath("../../../../Transformer")

[node name="HBoxContainer2" type="HBoxContainer" parent="UI/VBoxContainer2"]
layout_mode = 2

[node name="Label" type="Label" parent="UI/VBoxContainer2/HBoxContainer2"]
layout_mode = 2
text = "Lerp speed"

[node name="LerpSpeedEdit" type="LineEdit" parent="UI/VBoxContainer2/HBoxContainer2" node_paths=PackedStringArray("_transformer")]
layout_mode = 2
placeholder_text = "Speed here..."
script = ExtResource("9_q6i3i")
_transformer = NodePath("../../../../Transformer")

[node name="HBoxContainer3" type="HBoxContainer" parent="UI/VBoxContainer2"]
layout_mode = 2

[node name="Label" type="Label" parent="UI/VBoxContainer2/HBoxContainer3"]
layout_mode = 2
text = "Transform period"

[node name="PeriodEdit" type="LineEdit" parent="UI/VBoxContainer2/HBoxContainer3" node_paths=PackedStringArray("_timer")]
layout_mode = 2
placeholder_text = "Period..."
script = ExtResource("10_rjlwc")
_timer = NodePath("../../../../TransformTimer")
